a)

path is: (0, 0), (0.127, -0.121), (0.541, -0.356), (0.811, -0.992), (1.722, -0.645), (2.663, -0.589), (3.267, -0.945), (3.923, -0.214), (4.567, 0.164), (5.464, 0.281), (6.231, 0.564), (6.878, 0.312), (7.455, 1.051), (8.147, 1.14), (8.698, 0.66), (9.404, 0.006), (9.641, 0.103), (10, 0)
path length: 17
computation time is: 0.01018071174621582

b)
path is: (0, 0), (-0.006, -0.134), (0.665, 0.86), (2.07, 0.901), (2.671, 2.228), (4.219, 3.076), (4.334, 3.839), (4.266, 5.632), (6.09, 6.03), (7.531, 6.306), (8.544, 6.933), (9.957, 7.265), (9.885, 9.254), (10, 10), 
path length: 13
computation time is: 0.010275125503540039

c)
Couldn't find path
computation time is: 0.0001239776611328125